               precision    recall  f1-score   support

NON_ENCRYPTED     0.9979    0.9971    0.9975     25371
   TLS_FAMILY     0.9974    0.9974    0.9974      5044
          SSH     1.0000    0.9989    0.9995      7318
         QUIC     0.9811    1.0000    0.9905        52
          VPN     0.9940    0.9949    0.9944      8811
          TOR     0.7594    0.7667    0.7630       210
          I2P     0.8111    0.8317    0.8213       315
      FREENET     0.4857    0.7083    0.5763        24
      ZERONET     0.8966    0.8940    0.8953       349

     accuracy                         0.9940     47494
    macro avg     0.8804    0.9099    0.8928     47494
 weighted avg     0.9941    0.9940    0.9940     47494
